Leaky ReLU:
Fprop: [ 1.5   -0.033 -0.024  1.2   -0.044 -0.015]
Bprop: [[ 5.   0.1 -0.1 -5.   0.   0.1]]
ELU:
Fprop: [ 1.5        -0.96311683 -0.90928205  1.2        -0.98772266 -0.77686984]
Bprop: [[ 5.          0.36883167 -0.90717953 -5.          0.          2.2313016 ]]
SELU:
Fprop: [ 1.57605    -1.69329067 -1.59864178  1.26084    -1.73655107 -1.36584307]
Bprop: [[ 5.2535      0.64845636 -1.59494528 -5.2535      0.          3.92293236]]
